[MPU9250]
SPICHSEL=0
SPISPEED=500000
MAXSMPDIFF=50.0
ACCFSSEL=0
ACCXBIAS=-0.022424977
ACCYBIAS=0.003137034
ACCZBIAS=0.074903475
GYROFSSEL=0
GYROXBIAS=0.668686699
GYROYBIAS=-0.823393127
GYROZBIAS=0.381941354
MAGXBIAS=0
MAGYBIAS=0
MAGZBIAS=0
MAGXGAIN=1.0
MAGYGAIN=1.0
MAGZGAIN=1.0
MADGBETA=1000.0

[MOTORS]
MOTCOUNT=4
MPIN1=4
MPIN2=17
MPIN3=22
MPIN4=27
M1ENABLE=1
M2ENABLE=1
M3ENABLE=1
M4ENABLE=1
PWZEROTH=1050.0
PWFULLTH=2050.0

[TRANSCEIVER]
CHANCOUNT=6
THROTTLEPIN=19
ELEVATORPIN=13
AILERONPIN=12
RUDDERPIN=20
ENABLEPIN=25
TPIN6=21
TERMINPUT=0
TRANINPUT=1
NETINPUT=0
NETOUTPUT=
NETPORT=2001
NETHBINT=1
PWZERO=1052.655039
PWFULL=1880.389423
MAXTHRNG=75.0
MAXELERNG=15.0
MAXAILRNG=15.0
MAXRUDRNG=15.0

[COMMAND]
PIDOUTMIN=-10.0
PIDOUTMAX=10.0
PITCHKP=0.13
PITCHKI=0.05
PITCHKD=0.045
ROLLKP=0.13
ROLLKI=0.05
ROLLKD=0.045
YAWKP=0.0
YAWKI=0.0
YAWKD=0.0