[MPU9250]
SPICHSEL=0
SPISPEED=500000
ACCFILTWD=15
GYRFILTWD=15
MAGFILTWD=15
MAXSMPDIFF=50.0
ACCFSSEL=0
ACCXBIAS=-0.003760723
ACCYBIAS=-0.008729743
ACCZBIAS=0.079886777
GYROFSSEL=0
GYROXBIAS=0.587871017
GYROYBIAS=-0.706835159
GYROZBIAS=0.457362537
MAGXBIAS=0
MAGYBIAS=0
MAGZBIAS=0
MAGXGAIN=1.0
MAGYGAIN=1.0
MAGZGAIN=1.0
MADGBETA=1000.0

[MOTORS]
MOTCOUNT=4
MPIN1=4
MPIN2=17
MPIN3=22
MPIN4=27
M1ENABLE=1
M2ENABLE=1
M3ENABLE=1
M4ENABLE=1
PWZEROTH=1050.0
PWFULLTH=2050.0

[TRANSCEIVER]
CHANCOUNT=1
TPIN1=23
TERMINPUT=0
NETINPUT=1
NETOUTPUT=1
NETPORT=2001
NETHBINT=1

[COMMAND]
PIDOUTMIN=-10.0
PIDOUTMAX=10.0
PITCHKP=0.13
PITCHKI=0.05
PITCHKD=0.045
ROLLKP=0.13
ROLLKI=0.05
ROLLKD=0.045
YAWKP=0.0
YAWKI=0.0
YAWKD=0.0