[MPU9250]
SPICHSEL=0
SPISPEED=500000
ACCFILTWD=15
GYRFILTWD=15
MAGFILTWD=15
MAXSMPDIFF=50.0
ACCFSSEL=0
ACCXBIAS=-0.005561126
ACCYBIAS=-0.003228069
ACCZBIAS=0.077917387
GYROFSSEL=0
GYROXBIAS=0.647945056
GYROYBIAS=-0.584668353
GYROZBIAS=0.464722978
MAGXBIAS=0
MAGYBIAS=0
MAGZBIAS=0
MAGXGAIN=1.0
MAGYGAIN=1.0
MAGZGAIN=1.0
MADGBETA=1000.0

[MOTORS]
MOTCOUNT=4
MPIN1=4
MPIN2=17
MPIN3=22
MPIN4=27
M1ENABLE=1
M2ENABLE=0
M3ENABLE=1
M4ENABLE=0
PWZEROTH=1050.0
PWFULLTH=2050.0

[TRANSCEIVER]
CHANCOUNT=1
TPIN1=23
TERMINPUT=1

[COMMAND]
PIDOUTMIN=-100.0
PIDOUTMAX=100.0
PITCHKP=0.7
PITCHKI=0.0
PITCHKD=0.0
ROLLKP=0.7
ROLLKI=0.0
ROLLKD=0.0
YAWKP=0.05
YAWKI=0.0
YAWKD=0.0