[MPU9250]
SPICHSEL=0
SPISPEED=500000
AVGSIZE=2
MAXSMPDIFF=50.0
ACCFSSEL=0
ACCXBIAS=0.056348
ACCYBIAS=-0.000569684
ACCZBIAS=0.077160725
GYROFSSEL=0
GYROXBIAS=0.614530147
GYROYBIAS=-0.79921065
GYROZBIAS=0.489333871
MAGXBIAS=-74.65466
MAGYBIAS=2430.39783
MAGZBIAS=1895.98023
MAGXGAIN=3.74408375
MAGYGAIN=1.606490127
MAGZGAIN=2.373727554
MADGBETA=1000.0

[MOTORS]
MOTCOUNT=4
MPIN1=4
MPIN2=17
MPIN3=22
MPIN4=27

[TRANSCEIVER]
CHANCOUNT=1
TPIN1=23

[COMMAND]
PIDOUTMIN=-100.0
PIDOUTMAX=100.0
PITCHKP=1.0
PITCHKI=0.0
PITCHKD=0.0
ROLLKP=1.0
ROLLKI=0.0
ROLLKD=0.0
YAWKP=0.05
YAWKI=0.0
YAWKD=0.0